35,4
34,14
34,17
34,16
34,15
46,35
34,10
34,13
34,12
35,6
35,5
34,11
34,4
34,20
34,3
35,3
33,68
33,67
33,66
33,65
33,69
3,2
3,1
3,3
10,266
10,307
10,169
10,214
10,149
10,224
10,179
10,151
10,2
10,3
11,16
11,13
11,30
11,19
11,29
11,10
11,2
11,3
9,5
9,1
9,7
9,2
9,3
8,9
8,7
8,18
8,15
8,2
8,3
12,2
12,1
12,3
20,2
20,1
20,3
19,2
19,1
19,3
18,1
18,3
41,4
41,3
41,1
40,4
40,3
40,1
39,3
39,1
38,4
38,3
38,1
37,5
37,4
37,3
37,1
36,4
36,3
36,1
35,81
35,79
35,78
35,77
35,76
35,75
35,74
35,73
35,69
35,64
35,37
35,31
35,10
35,9
35,1
35,8
34,7
34,1
34,6
33,64
33,36
33,35
33,34
